3.0	13662.0
3.1	11737.0
3.2	10034.0
3.3	9329.0
3.4	8856.0
3.5	7973.0
3.6	6834.0
3.7	5657.0
3.8	4666.0
3.9	3917.0
4.0	3403.0
4.1	2923.0
4.2	2478.0
4.3	1928.0
4.4	1485.0
4.5	1151.0
4.6	918.0
4.7	830.0
4.8	723.0
4.9	685.0
5.0	619.0
5.1	586.0
5.2	561.0
5.3	551.0
5.4	565.0
5.5	488.0
5.6	488.0
5.7	488.0
5.8	514.0
5.9	545.0
6.0	548.0
6.1	556.0
6.2	590.0
6.3	607.0
6.4	650.0
6.5	669.0
6.6	715.0
6.7	753.0
6.8	724.0
6.9	768.0
7.0	766.0
7.1	837.0
7.2	777.0
7.3	791.0
7.4	776.0
7.5	793.0
7.6	750.0
7.7	720.0
7.8	721.0
7.9	707.0
8.0	632.0
8.1	602.0
8.2	539.0
8.3	496.0
8.4	503.0
8.5	431.0
8.6	401.0
8.7	374.0
8.8	384.0
8.9	328.0
9.0	298.0
9.1	256.0
9.2	246.0
9.3	210.0
9.4	221.0
9.5	196.0
9.6	192.0
9.7	191.0
9.8	157.0
9.9	163.0
10.0	151.0
10.1	153.0
10.2	136.0
10.3	136.0
10.4	150.0
10.5	144.0
10.6	133.0
10.7	128.0
10.8	128.0
10.9	134.0
11.0	148.0
11.1	124.0
11.2	136.0
11.3	143.0
11.4	142.0
11.5	144.0
11.6	151.0
11.7	152.0
11.8	153.0
11.9	148.0
12.0	151.0
12.1	155.0
12.2	163.0
12.3	161.0
12.4	176.0
12.5	154.0
12.6	157.0
12.7	180.0
12.8	180.0
12.9	173.0
13.0	163.0
13.1	171.0
13.2	184.0
13.3	191.0
13.4	199.0
13.5	187.0
13.6	165.0
13.7	188.0
13.8	184.0
13.9	191.0
14.0	180.0
14.1	186.0
14.2	186.0
14.3	187.0
14.4	201.0
14.5	180.0
14.6	185.0
14.7	207.0
14.8	198.0
14.9	203.0
15.0	212.0
15.1	211.0
15.2	201.0
15.3	218.0
15.4	226.0
15.5	202.0
15.6	209.0
15.7	208.0
15.8	204.0
15.9	214.0
16.0	223.0
16.1	228.0
16.2	223.0
16.3	227.0
16.4	233.0
16.5	237.0
16.6	232.0
16.7	250.0
16.8	247.0
16.9	222.0
17.0	245.0
17.1	250.0
17.2	240.0
17.3	245.0
17.4	233.0
17.5	229.0
17.6	234.0
17.7	230.0
17.8	236.0
17.9	213.0
18.0	225.0
18.1	234.0
18.2	221.0
18.3	227.0
18.4	236.0
18.5	232.0
18.6	269.0
18.7	240.0
18.8	230.0
18.9	238.0
19.0	223.0
19.1	228.0
19.2	242.0
19.3	217.0
19.4	243.0
19.5	247.0
19.6	238.0
19.7	252.0
19.8	231.0
19.9	254.0
20.0	306.0
20.1	475.0
20.2	1287.0
20.3	3371.0
20.4	2552.0
20.5	558.0
20.6	386.0
20.7	360.0
20.8	343.0
20.9	287.0
21.0	302.0
21.1	263.0
21.2	277.0
21.3	279.0
21.4	289.0
21.5	310.0
21.6	294.0
21.7	299.0
21.8	305.0
21.9	326.0
22.0	368.0
22.1	387.0
22.2	444.0
22.3	530.0
22.4	1132.0
22.5	7016.0
22.6	11016.0
22.7	7322.0
22.8	2263.0
22.9	478.0
23.0	351.0
23.1	300.0
23.2	262.0
23.3	252.0
23.4	217.0
23.5	207.0
23.6	225.0
23.7	222.0
23.8	211.0
23.9	192.0
24.0	176.0
24.1	173.0
24.2	179.0
24.3	187.0
24.4	183.0
24.5	193.0
24.6	179.0
24.7	173.0
24.8	167.0
24.9	177.0
25.0	160.0
25.1	165.0
25.2	153.0
25.3	163.0
25.4	141.0
25.5	144.0
25.6	150.0
25.7	140.0
25.8	141.0
25.9	138.0
26.0	142.0
26.1	143.0
26.2	144.0
26.3	143.0
26.4	144.0
26.5	132.0
26.6	135.0
26.7	124.0
26.8	127.0
26.9	137.0
27.0	127.0
27.1	126.0
27.2	115.0
27.3	118.0
27.4	123.0
27.5	110.0
27.6	130.0
27.7	111.0
27.8	112.0
27.9	115.0
28.0	121.0
28.1	99.0
28.2	99.0
28.3	103.0
28.4	103.0
28.5	105.0
28.6	104.0
28.7	104.0
28.8	95.0
28.9	101.0
29.0	97.0
29.1	103.0
29.2	97.0
29.3	100.0
29.4	93.0
29.5	113.0
29.6	98.0
29.7	102.0
29.8	98.0
29.9	89.0
30.0	100.0
30.1	97.0
30.2	104.0
30.3	83.0
30.4	70.0
30.5	90.0
30.6	89.0
30.7	84.0
30.8	83.0
30.9	71.0
31.0	91.0
31.1	95.0
31.2	80.0
31.3	90.0
31.4	97.0
31.5	94.0
31.6	103.0
31.7	87.0
31.8	90.0
31.9	82.0
32.0	89.0
32.1	79.0
32.2	80.0
32.3	72.0
32.4	72.0
32.5	72.0
32.6	64.0
32.7	73.0
32.8	71.0
32.9	72.0
33.0	98.0
33.1	99.0
33.2	121.0
33.3	104.0
33.4	89.0
33.5	86.0
33.6	76.0
33.7	69.0
33.8	76.0
33.9	86.0
34.0	86.0
34.1	81.0
34.2	82.0
34.3	78.0
34.4	72.0
34.5	67.0
34.6	69.0
34.7	56.0
34.8	70.0
34.9	54.0
35.0	76.0
35.1	64.0
35.2	62.0
35.3	72.0
35.4	65.0
35.5	75.0
35.6	55.0
35.7	56.0
35.8	67.0
35.9	61.0
36.0	65.0
36.1	56.0
36.2	65.0
36.3	58.0
36.4	75.0
36.5	58.0
36.6	65.0
36.7	58.0
36.8	60.0
36.9	57.0
37.0	53.0
37.1	70.0
37.2	60.0
37.3	65.0
37.4	64.0
37.5	55.0
37.6	54.0
37.7	59.0
37.8	57.0
37.9	59.0
38.0	64.0
38.1	59.0
38.2	48.0
38.3	57.0
38.4	62.0
38.5	67.0
38.6	56.0
38.7	53.0
38.8	63.0
38.9	45.0
39.0	54.0
39.1	59.0
39.2	56.0
39.3	58.0
39.4	46.0
39.5	58.0
39.6	64.0
39.7	48.0
39.8	57.0
39.9	64.0
40.0	67.0
40.1	48.0
40.2	49.0
40.3	47.0
40.4	44.0
40.5	47.0
40.6	46.0
40.7	50.0
40.8	56.0
40.9	48.0
41.0	54.0
41.1	55.0
41.2	48.0
41.3	55.0
41.4	51.0
41.5	46.0
41.6	46.0
41.7	50.0
41.8	47.0
41.9	54.0
42.0	49.0
42.1	51.0
42.2	48.0
42.3	57.0
42.4	44.0
42.5	49.0
42.6	55.0
42.7	56.0
42.8	55.0
42.9	57.0
43.0	60.0
43.1	60.0
43.2	62.0
43.3	78.0
43.4	81.0
43.5	74.0
43.6	94.0
43.7	283.0
43.8	550.0
43.9	463.0
44.0	152.0
44.1	77.0
44.2	59.0
44.3	71.0
44.4	59.0
44.5	53.0
44.6	59.0
44.7	58.0
44.8	54.0
44.9	57.0
45.0	55.0
45.1	56.0
45.2	58.0
45.3	52.0
45.4	53.0
45.5	45.0
45.6	55.0
45.7	51.0
45.8	55.0
45.9	52.0
46.0	56.0
46.1	49.0
46.2	58.0
46.3	53.0
46.4	55.0
46.5	51.0
46.6	51.0
46.7	54.0
46.8	52.0
46.9	47.0
47.0	62.0
47.1	56.0
47.2	59.0
47.3	57.0
47.4	53.0
47.5	60.0
47.6	59.0
47.7	45.0
47.8	54.0
47.9	52.0
48.0	46.0
48.1	61.0
48.2	53.0
48.3	56.0
48.4	64.0
48.5	63.0
48.6	66.0
48.7	60.0
48.8	62.0
48.9	67.0
49.0	69.0
49.1	78.0
49.2	75.0
49.3	104.0
49.4	111.0
49.5	123.0
49.6	133.0
49.7	168.0
49.8	226.0
49.9	801.0
50.0	2081.0
50.1	2211.0
50.2	1315.0
50.3	714.0
50.4	170.0
50.5	119.0
50.6	0.0
50.7	81.0
50.8	75.0
50.9	72.0
51.0	65.0
51.1	73.0
51.2	59.0
51.3	77.0
51.4	63.0
51.5	60.0
51.6	55.0
51.7	57.0
51.8	67.0
51.9	56.0
52.0	46.0
52.1	47.0
52.2	50.0
52.3	59.0
52.4	49.0
52.5	44.0
52.6	59.0
52.7	45.0
52.8	47.0
52.9	50.0
53.0	50.0
53.1	40.0
53.2	53.0
53.3	46.0
53.4	52.0
53.5	47.0
53.6	48.0
53.7	51.0
53.8	46.0
53.9	41.0
54.0	42.0
54.1	57.0
54.2	45.0
54.3	42.0
54.4	49.0
54.5	41.0
54.6	45.0
54.7	47.0
54.8	47.0
54.9	43.0
55.0	45.0
